363.00
368.16
373.31
378.47
383.63
388.79
393.94
399.10
404.26
409.42
414.57
419.73
424.89
430.05
435.20
440.36
445.52
450.68
455.83
460.99
466.15
471.31
476.46
481.62
486.78
491.94
497.09
502.25
507.41
512.57
517.72
522.88
528.04
533.20
538.35
543.51
548.67
553.83
558.98
564.14
569.30
574.46
579.61
584.77
589.93
595.09
600.24
605.40
610.56
615.72
620.87
626.03
631.19
636.35
641.50
646.66
651.82
656.98
662.13
667.29
672.45
677.61
682.76
687.92
693.08
698.24
703.39
708.55
713.71
718.87
724.02
729.18
734.34
739.50
744.65
749.81
754.97
760.13
765.28
770.44
775.60
780.76
785.91
791.07
796.23
801.39
806.54
811.70
816.86
822.02
827.17
832.33
837.49
842.65
847.80
852.96
858.12
863.28
868.43
873.59
878.75
883.91
889.06
894.22
899.38
904.54
909.69
914.85
920.01
925.17
930.32
935.48
940.64
945.80
950.95
956.11
961.27
966.43
971.58
976.74
981.90
987.06
992.21
997.37
1002.53
1007.69
1012.84
1018.00
