380.00
384.69
389.37
394.06
398.74
403.43
408.11
412.80
417.48
422.17
426.85
431.54
436.22
440.91
445.59
450.28
454.97
459.65
464.34
469.02
473.71
478.39
483.08
487.76
492.45
497.13
501.82
506.50
511.19
515.87
520.56
525.24
529.93
534.62
539.30
543.99
548.67
553.36
558.04
562.73
567.41
572.10
576.78
581.47
586.15
590.84
595.52
600.21
604.90
609.58
614.27
618.95
623.64
628.32
633.01
637.69
642.38
647.06
651.75
656.43
661.12
665.80
670.49
675.17
679.86
684.55
689.23
693.92
698.60
703.29
707.97
712.66
717.34
722.03
726.71
731.40
736.08
740.77
745.45
750.14
754.83
759.51
764.20
768.88
773.57
778.25
782.94
787.62
792.31
796.99
801.68
806.36
811.05
815.73
820.42
825.10
829.79
834.48
839.16
843.85
848.53
853.22
857.90
862.59
867.27
871.96
876.64
881.33
886.01
890.70
895.38
900.07
904.76
909.44
914.13
918.81
923.50
928.18
932.87
937.55
942.24
946.92
951.61
956.29
960.98
965.66
970.35
975.03
979.72
984.41
989.09
993.78
998.46
1003.15
1007.83
1012.52
1017.20
1021.89
1026.57
1031.26
1035.94
1040.63
1045.31
1050.00
